233
2
12 10 5
12 12 -1
1
2022201538 3 21 1 27 3
10 8
10 9
10 7


249
100
29 0 1
27 0 1
20 0 5
15 1 1
10 1 1
25 1 5
24 2 5
29 2 2
3 3 1
20 3 5
8 3 5
28 4 1
10 4 -1
24 5 2
5 5 1
29 5 2
2 6 1
16 6 5
20 7 -1
4 7 3
16 7 1
5 8 1
11 8 1
28 9 5
9 9 -1
6 9 -2
3 10 -1
17 10 1
11 11 5
19 11 1
24 11 1
3 12 2
0 12 2
25 12 1
19 13 1
19 13 2
9 14 3
28 14 2
26 14 -1
13 15 1
20 15 -2
8 16 5
23 16 2
1 16 -1
21 17 1
21 17 2
13 18 5
5 18 -2
23 18 1
25 19 -2
24 19 -1
7 20 1
16 20 1
13 20 2
28 21 1
4 21 1
4 22 -2
7 22 1
5 22 1
6 23 5
9 23 1
15 23 1
14 24 3
28 24 5
17 25 2
23 25 -1
26 25 -1
5 26 -1
7 26 3
11 27 2
8 27 1
17 27 3
0 28 2
8 28 2
27 29 1
6 29 1
18 29 -2
23 30 1
19 30 1
16 31 1
18 31 -1
14 31 -1
23 32 2
0 32 5
1 33 1
10 33 2
3 33 1
0 34 -1
10 34 1
5 34 1
3 35 2
27 35 2
21 36 1
9 36 1
8 36 5
2 37 3
9 37 1
24 38 2
9 38 1
2 38 3
1
2022201538 3 0 1 0 0
3 2
4 2
5 2

//撞墙测试
252
100
13 0 -2
12 0 -2
25 0 -2
9 1 -2
12 1 -2
14 1 -2
14 2 -2
1 2 -2
13 3 -2
13 3 -2
24 3 -2
10 4 -2
13 4 -2
6 5 -2
24 5 -2
16 5 -2
27 6 -2
3 6 -2
9 7 -2
17 7 -2
11 7 -2
12 8 -2
19 8 -2
5 9 -2
26 9 -2
0 9 -2
0 10 -2
23 10 -2
18 11 -2
21 11 -2
5 11 -2
12 12 -2
24 12 -2
24 12 -2
17 13 -2
23 13 -2
16 14 -2
28 14 -2
4 14 -2
4 15 -2
11 15 -2
16 16 -2
13 16 -2
26 16 -2
22 17 -2
8 17 -2
4 18 -2
12 18 -2
9 18 -2
23 19 -2
12 19 -2
13 20 -2
16 20 -2
12 20 -2
23 21 -2
11 21 -2
22 22 -2
12 22 -2
21 22 -2
21 23 -2
2 23 -2
26 23 -2
16 24 -2
10 24 -2
7 25 -2
25 25 -2
2 25 -2
14 26 -2
9 26 -2
19 27 -2
25 27 -2
7 27 -2
20 28 -2
3 28 -2
13 29 -2
28 29 -2
13 29 -2
22 30 -2
27 30 -2
8 31 -2
12 31 -2
10 31 -2
10 32 -2
6 32 -2
12 33 -2
2 33 -2
27 33 -2
22 34 -2
22 34 -2
4 34 -2
12 35 -2
27 35 -2
6 36 -2
27 36 -2
18 36 -2
7 37 -2
4 37 -2
5 38 -2
20 38 -2
18 38 -2
1
2022201538 8 0 0 0 6
5 0
5 1
5 2
6 2
7 2
8 2
9 2
10 2


183
104
19 0 1
8 0 -1
12 0 2
29 1 1
9 1 2
20 1 2
13 2 1
26 2 1
9 3 1
27 3 -1
7 3 -2
16 4 1
19 4 1
11 5 1
8 5 1
15 5 -1
27 6 3
18 6 1
18 7 1
27 7 1
27 7 1
6 8 2
14 8 1
26 9 2
7 9 1
24 9 3
28 10 -2
14 10 1
19 11 1
19 11 1
9 11 1
5 12 1
17 12 -2
9 12 1
6 13 1
2 13 -2
21 14 1
15 14 3
6 14 -1
22 15 1
3 15 3
13 16 2
16 16 -1
2 17 2
14 17 1
12 18 -1
13 18 3
6 18 3
14 19 2
27 19 -1
20 20 5
13 20 1
12 20 1
28 21 1
22 21 -1
28 22 3
26 22 1
28 22 2
2 23 5
6 23 5
13 23 2
10 24 1
22 24 1
9 25 -1
17 25 3
27 25 2
13 26 2
24 27 1
14 27 1
26 27 -1
3 28 2
13 28 5
4 29 1
4 29 2
17 29 2
18 30 3
0 30 -1
28 31 1
2 31 2
25 31 -1
9 32 1
28 32 1
20 33 -1
7 33 1
20 33 2
21 34 -1
1 34 3
14 34 1
17 35 1
25 35 3
19 36 1
22 36 2
20 36 2
17 37 1
11 37 -1
0 38 2
7 38 1
25 38 5
0 22 1
29 4 4
29 20 7
0 35 1
8 13 10
8 12 1
6
2022201447 10 15 3 0 0
10 22
9 22
9 23
9 24
9 25
8 25
8 24
8 23
8 22
8 21
2022201538 13 50 3 4 0
10 21
9 21
9 20
10 20
10 19
9 19
9 18
10 18
10 17
11 17
11 16
10 16
10 15
2022202747 19 10 3 0 0
2 16
1 16
1 15
0 15
0 14
0 13
0 12
0 11
0 10
0 9
0 8
0 7
0 6
0 5
0 4
0 3
1 3
2 3
2 4
2022201826 10 13 1 0 0
22 16
23 16
24 16
25 16
25 15
25 14
24 14
24 15
24 16
24 17
2022202610 8 0 1 0 0
1 33
2 33
3 33
4 33
4 32
3 32
3 33
3 34
2022201412 18 54 1 0 0
8 26
9 26
10 26
10 27
10 28
10 29
10 30
10 31
10 32
10 33
10 34
10 35
9 35
9 36
10 36
10 35
10 34
11 34

// 头碰头
223
103
24 0 2
20 0 1
24 0 2
13 1 1
24 1 -1
18 1 1
0 2 1
24 2 1
21 3 5
21 3 1
27 3 2
20 4 3
14 4 3
21 5 1
10 5 1
14 6 -1
22 6 -1
28 7 2
29 7 3
26 7 1
13 8 5
19 8 1
21 9 1
28 9 3
19 9 1
19 10 1
11 10 2
23 11 3
25 11 1
25 11 1
28 12 3
17 12 1
28 12 1
28 13 1
24 13 1
0 14 1
14 14 -1
9 14 -1
22 15 1
26 15 1
19 16 2
6 16 -2
21 16 2
24 17 1
23 17 3
27 18 -1
24 18 5
22 18 -1
22 19 2
29 19 1
21 20 3
12 20 2
26 21 1
23 21 1
2 22 -2
5 22 -2
10 22 -1
23 23 1
26 23 5
2 23 1
11 24 2
13 24 1
18 25 2
24 25 3
28 25 3
14 26 5
26 26 2
8 27 -1
23 27 1
22 27 5
10 28 3
10 28 2
9 29 -2
0 29 2
14 29 1
19 30 -1
16 30 2
20 31 -1
20 31 3
17 31 3
4 32 1
0 32 -2
3 33 -2
3 33 1
0 33 -1
3 34 1
21 34 -1
1 34 1
27 35 1
1 35 2
1 36 5
17 36 1
28 36 1
27 37 2
14 37 3
2 38 1
7 38 3
20 38 2
6 0 6
29 16 2
25 24 1
29 4 1
6 37 5
11
2022201895 9 6 0 0 0
9 5
9 6
9 7
8 7
7 7
6 7
5 7
4 7
3 7
2022201399 11 21 2 0 0
28 6
28 5
28 4
28 3
27 3
26 3
25 3
24 3
24 4
25 4
26 4
2022201286 9 1 1 0 0
1 21
2 21
2 20
2 19
2 18
2 17
2 16
2 15
2 14
2022201412 10 28 2 0 0
14 20
14 19
14 18
14 17
14 16
14 15
15 15
16 15
16 14
15 14
2022202747 11 8 2 0 0
7 13
7 12
7 11
7 10
7 9
6 9
5 9
4 9
3 9
2 9
2 10
2022201538 11 7 2 0 0
11 5
11 4
12 4
12 5
13 5
13 6
12 6
12 7
11 7
11 8
11 9
2022200234 10 12 0 0 0
4 12
4 13
4 14
4 15
4 16
4 17
4 18
5 18
6 18
6 17
2022201296 8 0 0 0 0
0 8
0 9
1 9
1 8
0 8
0 9
1 9
1 10
2022201826 9 7 3 0 0
28 28
27 28
26 28
26 27
25 27
25 28
25 29
26 29
26 30
2022201476 10 18 2 0 0
7 35
7 34
7 33
8 33
8 34
8 35
7 35
7 36
6 36
6 37
2022201447 11 2 0 0 0
27 23
27 24
27 25
26 25
25 25
24 25
23 25
22 25
21 25
20 25
19 25
（1会死）撞2022201895 9 6 0 0 0 （10，5）

//撞头
153
107
10 0 3
9 0 -2
11 0 3
11 1 5
25 1 -2
14 1 -1
14 2 1
10 2 3
27 3 3
14 3 2
2 3 -1
6 4 2
13 4 1
16 11 -1
21 5 3
0 5 2
17 6 -2
26 12 2
4 12 1
22 12 5
18 13 2
25 13 2
20 13 5
2 13 2
20 9 5
17 9 2
16 10 2
16 10 3
15 14 2
5 14 3
2 11 5
0 12 1
14 12 -2
0 13 1
3 16 3
1 16 2
2 16 2
7 16 3
22 15 5
26 17 -1
2 17 3
29 17 -2
2 17 2
21 17 3
1 18 -1
0 18 1
28 18 -2
19 19 1
21 19 2
0 20 1
23 20 1
20 20 1
25 21 1
19 21 1
23 22 1
25 20 1
21 20 3
21 20 -1
17 23 2
3 23 1
24 21 1
7 24 3
2 25 3
22 25 2
9 25 1
3 26 1
1 22 3
21 22 1
25 23 -1
6 23 1
4 28 -2
8 28 1
2 23 1
21 29 3
22 29 2
25 30 1
23 30 2
17 31 2
27 31 3
0 31 1
20 32 1
27 32 -1
23 33 3
11 33 1
23 33 2
23 34 1
17 34 -1
22 26 1
20 35 -2
1 35 1
1 36 -2
22 36 1
29 36 5
12 37 1
24 37 2
19 38 1
16 38 3
25 38 1
10 18 10
10 19 10
10 20 10
9 20 10
8 20 10
8 21 10
8 22 10
9 22 10
9 23 10
5
2022201447 9 16 0 0 0
6 16
6 17
6 18
5 18
4 18
4 17
4 16
4 15
4 14
2022201895 23 68 3 0 0
9 13
8 13
8 12
9 12
10 12
11 12
11 13
10 13
10 12
11 12
12 12
13 12
13 11
12 11
11 11
11 10
11 9
11 8
11 7
10 7
10 8
11 8
11 9
2021200118 12 11 1 0 0
10 28
11 28
11 27
10 27
10 26
9 26
9 27
10 27
11 27
11 28
12 28
12 27
2022201538 28 52 1 0 0
7 15
8 15
8 16
9 16
9 15
10 15
10 14
9 14
9 15
10 15
10 16
11 16
11 17
12 17
12 16
13 16
13 15
14 15
14 16
13 16
13 15
14 15
14 14
15 14
15 13
16 13
16 12
17 12
2021201606 11 6 1 0 0
6 36
7 36
7 35
6 35
6 34
5 34
5 35
6 35
7 35
7 36
8 36
//2撞

201
82
8 0 -2
12 0 3
6 1 2
15 1 -2
1 1 2
27 2 3
27 2 -2
23 3 -1
21 3 -1
14 4 1
6 5 -2
15 5 1
15 5 3
14 6 -2
2 6 2
21 7 1
1 8 -1
6 8 3
22 9 5
0 9 5
27 9 5
5 10 1
25 11 5
8 11 -1
7 11 2
10 12 3
10 12 -1
12 12 1
23 13 1
18 13 1
21 14 -2
28 14 1
12 14 1
0 15 1
16 15 3
14 16 2
7 16 1
10 16 1
4 17 1
4 18 -1
2 18 3
17 19 -2
6 19 1
2 20 -2
1 20 1
21 21 2
27 21 -1
23 22 1
26 22 1
10 23 2
27 23 -2
15 23 -2
2 24 1
14 24 2
28 25 1
25 25 1
15 26 -1
28 26 -1
21 27 1
8 27 1
18 27 -2
18 28 -1
27 29 1
5 29 -2
6 30 5
2 31 -1
28 32 3
21 32 -2
0 33 2
2 33 2
24 34 -2
19 34 1
0 35 -1
17 35 1
20 36 -1
14 36 1
19 36 1
11 37 1
8 37 -1
17 38 1
6 38 3
15 38 -1
18
2022201411 11 39 0 0 0
1 2
1 3
1 4
1 5
0 5
0 4
0 3
0 2
0 1
0 0
1 0
2022202681 13 31 2 0 0
8 10
8 9
8 8
8 7
7 7
7 6
7 5
7 4
7 3
7 2
7 1
7 0
6 0
2022201306 16 40 3 0 0
3 8
2 8
2 7
3 7
3 8
3 9
3 10
3 11
4 11
5 11
5 10
6 10
7 10
7 9
6 9
6 8
2022200011 19 35 2 0 0
10 20
10 19
9 19
9 18
8 18
7 18
7 19
8 19
9 19
9 18
10 18
10 17
10 16
11 16
11 15
12 15
12 14
11 14
11 13
2022201538 11 19 3 0 0
8 25
7 25
6 25
6 24
6 23
6 22
6 21
7 21
7 22
8 22
8 21
2022201554 11 13 2 15 0
22 29
22 28
22 27
22 26
22 25
21 25
20 25
19 25
19 24
18 24
18 23
2022201526 8 6 1 0 0
2 23
3 23
4 23
4 22
3 22
3 23
3 24
4 24
2022201475 11 18 1 0 0
9 30
10 30
10 29
11 29
12 29
12 30
11 30
10 30
10 31
10 32
10 33
2022201441 11 30 3 0 0
19 31
18 31
18 30
18 29
17 29
16 29
16 30
15 30
15 31
15 32
15 33
2022201525 12 8 0 0 0
0 6
0 7
1 7
1 6
0 6
0 7
0 8
0 9
0 10
0 11
1 11
1 10
2022201555 10 29 0 0 0
15 18
15 19
15 20
14 20
13 20
13 19
13 18
14 18
15 18
16 18
2022202747 16 21 1 0 0
11 11
12 11
13 11
14 11
14 10
15 10
15 11
15 12
15 13
15 14
14 14
14 15
15 15
15 14
15 13
14 13
2022200173 12 24 1 0 0
15 0
16 0
16 1
17 1
18 1
18 2
18 3
18 4
18 5
19 5
19 6
19 7
2022200123 16 28 1 0 0
25 3
26 3
26 4
27 4
27 5
28 5
28 6
28 7
28 8
28 9
27 9
26 9
26 8
25 8
25 7
24 7
2022201508 12 28 3 0 0
28 18
27 18
27 17
28 17
28 18
27 18
26 18
25 18
25 17
24 17
23 17
22 17
2022202838 21 35 1 0 0
9 22
10 22
10 21
11 21
11 22
11 23
12 23
12 24
11 24
11 25
10 25
10 24
9 24
8 24
8 23
9 23
10 23
11 23
12 23
12 24
11 24
2022201399 13 35 3 0 0
23 33
22 33
22 34
21 34
21 33
22 33
23 33
23 32
24 32
25 32
26 32
27 32
28 32
2022200157 18 29 1 0 0
2 25
3 25
4 25
5 25
5 26
4 26
3 26
3 25
2 25
2 26
2 27
2 28
1 28
1 27
0 27
0 28
0 29
0 30
//2撞

120
87
0 9 -1
19 9 -1
20 9 1
12 10 2
11 2 1
11 2 -2
19 10 1
10 10 1
20 3 -2
2 11 -1
20 5 -2
22 12 1
27 6 1
0 12 1
9 12 -1
0 7 1
14 13 3
20 13 3
22 13 1
28 9 -2
11 14 1
16 14 3
1 11 2
0 11 1
21 15 -2
18 15 1
21 15 3
1 12 -2
5 15 3
23 16 1
26 14 -2
20 16 2
11 14 -2
19 17 -1
18 17 -2
19 17 1
22 18 1
16 18 -2
10 18 3
22 18 1
22 19 -2
22 21 -2
20 20 -2
16 20 1
22 20 1
13 20 1
14 23 -2
12 23 -2
27 24 -2
23 24 -2
4 21 -2
13 22 -2
22 22 1
12 22 1
9 22 3
8 27 -2
22 23 -1
23 27 -2
8 23 2
12 23 -2
25 29 -2
13 29 -2
17 24 -2
13 24 1
4 24 1
11 24 1
16 25 2
25 25 -2
8 25 3
10 25 -2
6 26 1
7 26 -2
6 26 -2
8 26 1
4 35 -2
7 27 1
15 27 1
21 36 -2
19 27 3
1 37 -2
6 28 2
29 28 1
4 38 -2
5 28 1
28 35 1
19 19 10
17 19 2
14
2022201508 19 78 1 0 0
5 11
6 11
7 11
7 12
7 13
8 13
8 14
9 14
10 14
10 13
9 13
9 14
9 15
9 16
10 16
11 16
11 17
10 17
9 17
2022201296 23 72 3 0 0
27 12
26 12
26 13
27 13
27 12
28 12
28 13
27 13
27 14
27 15
26 15
26 16
26 17
26 18
26 19
26 20
27 20
27 19
28 19
28 18
27 18
26 18
26 17
2022201441 17 36 2 0 0
18 6
18 5
18 4
18 3
18 2
18 1
18 0
19 0
20 0
21 0
22 0
23 0
24 0
25 0
26 0
27 0
28 0
2022200157 21 54 1 0 0
9 9
10 9
11 9
11 10
11 11
11 12
10 12
10 11
10 10
9 10
9 11
10 11
11 11
12 11
12 10
11 10
11 9
12 9
12 10
12 11
12 12
2022201554 17 36 2 0 0
9 20
9 19
8 19
7 19
6 19
5 19
5 20
4 20
3 20
2 20
1 20
0 20
0 19
1 19
1 20
1 21
1 22
2022201306 23 72 3 0 0
8 18
7 18
7 17
6 17
6 16
7 16
7 17
7 18
8 18
9 18
10 18
10 19
10 20
10 21
10 22
9 22
8 22
7 22
6 22
5 22
4 22
4 23
4 24
2022201411 26 84 0 0 0
13 13
13 14
13 15
13 16
13 17
13 18
13 19
13 20
14 20
14 19
15 19
15 20
15 21
15 22
14 22
13 22
13 23
13 24
13 25
13 26
12 26
12 25
12 24
13 24
14 24
14 25
2022200011 26 45 0 0 0
18 19
18 20
18 21
18 22
19 22
19 21
18 21
18 20
17 20
17 21
18 21
18 22
19 22
20 22
21 22
22 22
22 23
21 23
20 23
20 24
20 25
19 25
18 25
17 25
17 26
18 26
2022201538 24 83 2 0 0
16 33
16 32
16 31
16 30
16 29
16 28
16 27
15 27
14 27
14 28
15 28
16 28
16 27
15 27
15 28
16 28
16 27
15 27
15 28
16 28
16 27
15 27
15 28
16 28
2022201399 14 61 2 0 0
4 14
4 13
4 12
5 12
5 13
5 14
4 14
3 14
3 15
2 15
1 15
0 15
0 16
0 17
2022201555 22 65 3 0 0
17 16
16 16
16 17
17 17
17 18
18 18
19 18
19 19
20 19
20 20
19 20
19 19
19 18
19 17
19 16
19 15
19 14
19 13
20 13
20 12
21 12
21 11
2022201343 20 60 3 0 0
26 22
25 22
25 21
25 20
24 20
24 19
24 18
23 18
23 17
24 17
24 18
23 18
23 17
22 17
22 16
23 16
24 16
24 17
24 18
25 18
2022200123 20 67 0 0 0
11 0
11 1
10 1
10 2
10 3
10 4
10 5
10 6
10 7
10 8
11 8
12 8
13 8
13 9
13 10
14 10
15 10
16 10
16 11
16 12
2022201826 26 124 3 0 0
22 26
21 26
21 25
22 25
23 25
23 26
24 26
25 26
26 26
26 25
27 25
27 26
28 26
28 27
27 27
27 28
26 28
25 28
24 28
23 28
22 28
22 29
21 29
21 28
22 28
23 28